600 10 0.3032 0.4045 0.5625 0.7890 1.0589 1.3558
600 50 0.4001 0.5337 0.7422 1.0410 1.3972 1.7851
600 100 0.5054 0.6742 0.9375 1.3149 1.7649 2.3533
600 150 0.6865 0.9157 1.2734 1.7810 2.4019 3.2476
600 200 0.8886 1.1854 1.6484 2.3121 3.1138 4.3226
600 250 1.2339 1.6461 2.2891 3.2106 4.3386 6.1165
600 300 1.6509 2.2023 3.0625 4.2954 5.8437 8.4403
600 350 2.0636 2.7529 3.8281 5.3846 7.3152 10.7645
600 400 2.7795 3.7079 5.1562 7.2732 9.9658 14.8970
600 450 3.4105 4.5319 6.2812 8.9102 12.2936 18.7110
600 500 4.2928 5.7043 7.9062 11.2783 15.7156 24.4409
