600 10 0.3338 0.4430 0.6191 0.8709 1.1752 0.0815
600 50 0.4494 0.6019 0.8398 1.1847 1.6072 0.1097
600 100 0.5831 0.7801 1.0977 1.5483 2.1145 0.1420
600 150 0.7325 0.9800 1.3789 1.9560 2.6813 0.1771
600 200 1.0094 1.3557 1.9141 2.7304 3.7805 0.2438
600 250 1.3986 1.8860 2.6719 3.8647 5.4456 0.3359
600 300 1.9989 2.7142 3.9062 5.7591 8.4124 0.4803
600 350 2.6140 3.5590 5.1875 7.8756 12.1644 0.6233
600 400 3.4027 4.6843 6.9688 11.0799 19.8481 0.8055
600 450 4.4305 6.2238 9.5312 16.9017 28.8888 1.0548
600 500 5.9561 8.5479 14.2500 28.6775 43.2177 1.3843
