600 10 0.1442 0.1922 0.2695 0.3802 0.5158 0.4833
600 50 0.1725 0.2298 0.3223 0.4546 0.6167 0.5564
600 100 0.2185 0.2911 0.4082 0.5758 0.7864 0.7303
600 150 0.2686 0.3579 0.5020 0.7120 0.9761 0.8725
600 200 0.3632 0.4883 0.6836 0.9697 1.3336 1.2597
600 250 0.4835 0.6468 0.9102 1.2983 1.7919 1.6850
600 300 0.6612 0.8881 1.2539 1.7987 2.4990 2.4523
600 350 0.8487 1.1399 1.6094 2.3214 3.2660 3.3410
600 400 1.0959 1.4779 2.0938 3.0452 4.3297 4.5402
600 450 1.3597 1.8313 2.6172 3.8378 5.5279 6.3077
600 500 1.7966 2.4427 3.4844 5.1649 7.5832 10.2053
