600 10 0.1651 0.2201 0.3086 0.4353 0.5905 0.3814
600 50 0.1928 0.2583 0.3604 0.5083 0.6942 0.4445
600 100 0.2456 0.3273 0.4590 0.6493 0.8854 0.5671
600 150 0.2957 0.3976 0.5566 0.7896 1.0824 0.6744
600 200 0.4067 0.5441 0.7656 1.0861 1.4985 0.9397
600 250 0.5354 0.7162 1.0078 1.4417 2.0059 1.2441
600 300 0.7375 0.9905 1.3984 2.0172 2.8467 1.7209
600 350 0.9487 1.2726 1.8125 2.6433 3.7973 2.2281
600 400 1.2136 1.6345 2.3359 3.4347 5.0253 2.9081
600 450 1.5066 2.0373 2.9219 4.3661 6.6079 3.6603
600 500 2.0233 2.7434 3.9844 6.0808 9.6170 5.0905
