600 10 0.1631 0.2184 0.3047 0.4298 0.5850 0.1057
600 50 0.1986 0.2646 0.3711 0.5235 0.7149 0.1286
600 100 0.2521 0.3390 0.4746 0.6714 0.9156 0.1654
600 150 0.3071 0.4130 0.5781 0.8224 1.1294 0.2091
600 200 0.4213 0.5636 0.7930 1.1375 1.5704 0.2811
600 250 0.5150 0.6917 0.9766 1.4048 1.9610 0.3582
600 300 0.7463 1.0011 1.4258 2.0737 2.9572 0.5083
600 350 0.9386 1.2692 1.8203 2.6838 3.9090 0.6497
600 400 1.2140 1.6552 2.3906 3.5913 5.4304 0.8321
600 450 1.6356 2.2456 3.2969 5.1235 8.3786 1.1010
600 500 2.1267 2.9226 4.3906 7.1558 13.3028 1.4286
