600 10 0.1516 0.2030 0.2832 0.3995 0.5420 0.0502
600 50 0.1881 0.2507 0.3516 0.4959 0.6728 0.0650
600 100 0.2404 0.3203 0.4492 0.6354 0.8666 0.0837
600 150 0.2926 0.3935 0.5508 0.7813 1.0640 0.1054
600 200 0.4016 0.5372 0.7559 1.0752 1.4814 0.1432
600 250 0.5001 0.6691 0.9414 1.3467 1.8737 0.1911
600 300 0.7156 0.9651 1.3672 1.9721 2.7745 0.2713
600 350 0.9119 1.2233 1.7422 2.5408 3.6285 0.3483
600 400 1.1763 1.5906 2.2812 3.3633 4.9128 0.4473
600 450 1.5710 2.1302 3.0938 4.6722 7.0954 0.5873
600 500 2.0231 2.7777 4.0781 6.3702 10.3750 0.7640
